# vtk DataFile Version 2.0
hollowSphere_gmesh, Created by Gmsh
ASCII
DATASET UNSTRUCTURED_GRID
POINTS 124 double
15 0 0
13.416408 6.708204 0
13.26624 3.015291 6.317823
13.347396 3.600132 -5.821175
10.967849 9.170839000000001 -4.538942
8.743102 12.170404 0.662909
13.333861 -4.13267 5.489006
10.071493 8.840076 6.739293
13.395325 -3.473365 -5.788006
13.671724 -6.169945 -0.1255
10.031247 0.06078 -11.152148
8.432176999999999 7.063846 -10.198062
5.431322 12.842751 -5.528515
10.714444 -1.527793 10.385882
2.024558 14.844324 0.739733
9.607324 -6.694757 -9.374409
8.898364000000001 -7.482949 9.477582999999999
5.122563 12.793988 5.922264
10.332717 -10.424468 3.092801
8.129784000000001 3.920106 11.980792
10.453917 -9.962612 -4.057339
-1.443798 14.069828 -4.995536
4.63873 -4.848122 -13.415584
2.04165 10.194215 -10.812476
4.208735 2.939627 -14.094153
5.50508 -2.745208 13.680567
3.229184 -8.656293 11.816978
5.144179 -11.18185 -8.573427000000001
-5.024651 14.07627 1.269453
4.28037 -12.822517 6.500884
-0.9011710000000001 13.135259 7.186993
-4.358437 10.873885 -9.368172
5.24367 -14.00707 -1.142767
1.08163 2.705118 14.714361
-8.558043 11.603722 -4.136852
3.724894 9.325823 11.14245
-0.887552 -8.974322000000001 -11.9864
-1.555836 -2.044543 -14.778336
-1.465468 -4.659931 14.182293
-0.713857 -13.909352 -5.56959
-11.132877 9.700677000000001 2.637407
-2.420082 -11.222388 9.654078
-2.821369 5.759212 -13.559917
-6.898533 11.197574 7.212807
-6.104593 1.121529 13.655626
-13.479078 5.867902 -2.980297
-6.009704 -10.702796 -8.621694
-9.471814999999999 6.844052 -9.404450000000001
-7.848856 -6.273383 11.13733
-1.721069 -14.697595 2.453289
-7.176411 -5.324756 -12.04766
-7.29053 0.979622 -13.072433
-14.19469 2.830904 3.936593
-3.603337 8.160307 12.059243
-8.216002 -11.33219 5.392473
-7.322053 -12.950639 -1.915328
-12.232873 -0.087767 -8.680387
-11.322171 -7.593747 -6.256472
-11.26441 -0.337815 9.899442000000001
-14.808402 -2.062844 -1.206604
-13.021276 -4.833513 5.664233
-9.884112 6.303644 9.357799
-12.147427 -8.792645 0.35975
10 0 0
8.944272 4.472136 0
8.829185000000001 2.281762 4.103543
8.936871 2.274696 -3.86757
7.287243 6.053161 -3.202395
5.888684 8.077448 0.279694
8.917567 -2.508516 3.766212
6.97836 6.034424 3.858526
8.863992 -2.328868 -4.000752
9.123545 -4.092088 -0.125489
6.658381 0.106754 -7.460199
5.591038 4.71644 -6.81876
3.886065 8.316573999999999 -3.966498
6.997717 -0.17552 7.141509
2.176619 9.75892 -0.16063
5.837134 -4.546647 -6.727248
5.927721 -4.577324 6.62648
2.95949 8.564392 4.229965
6.927905 -6.828521 2.318499
4.520864 4.392545 7.763204
6.941274 -6.7097 -2.607419
-0.520533 9.411038 -3.340868
3.221705 -2.058188 -9.240372000000001
1.187368 6.613738 -7.405986
2.347253 2.201136 -9.468126
3.379891 -0.937626 9.364678
2.04708 -5.382882 8.175209000000001
3.614709 -7.972038 -4.835337
-1.656369 9.716647999999999 1.686175
2.930432 -8.383786000000001 4.596161
1.171478 -5.959991 -7.943938
-2.936267 7.199965 -6.287991
3.470193 -9.365937000000001 -0.486809
-0.477673 2.720965 9.610836000000001
-5.007677 8.364414999999999 -2.227044
-1.05314 7.292944 6.760463
-1.079291 -1.502103 -9.827451999999999
-1.099218 -2.861356 9.518632
-0.550494 -9.131389 -4.039145
-5.916611 7.477419 3.013624
-1.563237 -7.372252 6.573141
-2.363187 3.375946 -9.11144
-4.357074 0.051166 9.000738
-8.35524 5.330204 -1.333752
-5.383872 4.26578 7.267534
-3.631449 -5.771528 -7.314509
-5.144043 -4.285913 7.427635
-6.41925 4.629987 -6.111992
-1.195065 -9.810031 1.528104
-5.736732 -0.5092140000000001 -8.174999
-8.729445999999999 3.509406 3.388339
-5.123711 -8.349401 -2.008752
-5.37703 -7.743324 3.335938
-8.302833 -5.569785 0.201136
-8.807309999999999 1.010155 -4.62719
-7.727157 -4.142742 -4.809234
-7.720073 -0.257641 6.350913
-7.894898 -4.241499 4.436245
-9.624499 -1.256283 2.406402
-9.85881 1.625116 -0.403565
-9.648071 -2.013604 -1.691189

CELLS 604 2780
3 0 1 2
3 1 0 3
3 1 3 4
3 1 4 5
3 0 2 6
3 2 1 7
3 1 5 7
3 3 0 8
3 8 0 9
3 0 6 9
3 3 8 10
3 4 3 11
3 3 10 11
3 5 4 12
3 6 2 13
3 4 11 12
3 5 12 14
3 10 8 15
3 6 13 16
3 7 5 17
3 5 14 17
3 9 6 18
3 6 16 18
3 13 2 19
3 2 7 19
3 15 8 20
3 8 9 20
3 14 12 21
3 10 15 22
3 12 11 23
3 11 10 24
3 10 22 24
3 16 13 25
3 16 25 26
3 12 23 21
3 15 20 27
3 13 19 25
3 14 21 28
3 9 18 20
3 17 35 7
3 11 24 23
3 18 16 29
3 16 26 29
3 15 27 22
3 17 14 30
3 14 28 30
3 21 23 31
3 27 20 32
3 25 19 33
3 28 21 34
3 21 31 34
3 20 18 32
3 19 7 35
3 33 19 35
3 17 30 35
3 22 27 36
3 24 22 37
3 22 36 37
3 26 25 38
3 27 32 39
3 25 33 38
3 28 34 40
3 36 27 39
3 29 26 41
3 23 24 42
3 32 18 29
3 30 28 43
3 28 40 43
3 24 37 42
3 31 23 42
3 26 38 41
3 38 33 44
3 40 34 45
3 36 39 46
3 34 31 47
3 45 34 47
3 31 42 47
3 41 38 48
3 32 29 49
3 39 32 49
3 29 41 49
3 37 36 50
3 36 46 50
3 42 37 51
3 47 42 51
3 37 50 51
3 40 45 52
3 35 30 53
3 33 35 53
3 30 43 53
3 49 41 54
3 38 44 48
3 39 49 55
3 46 39 55
3 49 54 55
3 54 41 48
3 52 61 40
3 44 33 53
3 45 47 56
3 47 51 56
3 50 46 57
3 48 44 58
3 52 45 59
3 45 56 59
3 54 48 60
3 48 58 60
3 53 43 61
3 44 53 61
3 43 40 61
3 50 57 56
3 57 46 55
3 44 61 58
3 52 59 60
3 55 54 62
3 57 55 62
3 54 60 62
3 51 50 56
3 61 52 58
3 58 52 60
3 60 59 62
3 59 56 57
3 59 57 62
3 63 64 65
3 64 63 66
3 64 66 67
3 64 67 68
3 63 65 69
3 65 64 70
3 64 68 70
3 66 63 71
3 71 63 72
3 63 69 72
3 66 71 73
3 67 66 74
3 66 73 74
3 68 67 75
3 69 65 76
3 67 74 75
3 68 75 77
3 73 71 78
3 69 76 79
3 70 68 80
3 68 77 80
3 72 69 81
3 69 79 81
3 76 65 82
3 65 70 82
3 78 71 83
3 71 72 83
3 77 75 84
3 73 78 85
3 75 74 86
3 74 73 87
3 73 85 87
3 79 76 88
3 79 88 89
3 75 86 84
3 78 83 90
3 76 82 88
3 77 84 91
3 72 81 83
3 70 80 82
3 74 87 86
3 81 79 92
3 79 89 92
3 77 91 80
3 85 78 93
3 78 90 93
3 84 86 94
3 90 83 95
3 88 82 96
3 91 84 97
3 84 94 97
3 83 81 95
3 80 91 98
3 87 85 99
3 85 93 99
3 89 88 100
3 90 95 101
3 88 96 100
3 91 97 102
3 98 91 102
3 96 82 98
3 92 89 103
3 80 98 82
3 86 87 104
3 93 90 101
3 86 104 94
3 95 81 92
3 87 99 104
3 89 100 103
3 100 96 105
3 102 97 106
3 98 102 107
3 99 93 108
3 103 100 109
3 97 94 110
3 106 97 110
3 94 104 110
3 93 101 108
3 95 92 111
3 104 99 112
3 110 104 112
3 99 108 112
3 96 98 107
3 101 95 111
3 102 106 113
3 101 111 114
3 103 109 115
3 92 103 111
3 109 100 105
3 102 113 107
3 108 101 114
3 103 115 111
3 111 115 114
3 96 107 105
3 114 115 116
3 106 110 117
3 110 112 117
3 108 114 118
3 112 108 118
3 114 116 118
3 105 107 119
3 107 113 119
3 116 115 120
3 115 109 120
3 109 105 119
3 119 113 121
3 113 106 122
3 122 106 117
3 121 113 122
3 117 112 118
3 109 119 120
3 119 121 120
3 120 121 116
3 118 123 117
3 121 122 123
3 116 121 123
3 116 123 118
3 122 117 123
4 104 99 37 87
4 109 120 54 48
4 65 69 0 2
4 71 66 63 8
4 93 46 39 101
4 59 117 56 45
4 84 75 86 23
4 93 46 101 108
4 84 28 14 21
4 117 51 56 47
4 77 84 12 75
4 42 104 37 87
4 52 61 113 40
4 111 41 29 92
4 70 5 7 1
4 83 8 72 9
4 58 113 61 107
4 36 85 37 99
4 4 74 67 75
4 6 79 13 69
4 99 50 108 112
4 84 14 91 77
4 25 79 76 13
4 17 30 80 35
4 34 94 21 97
4 106 40 102 97
4 53 96 98 35
4 93 15 85 78
4 19 65 2 76
4 57 118 116 114
4 38 41 109 103
4 28 43 102 91
4 38 103 89 26
4 17 77 5 68
4 84 28 21 97
4 41 92 26 29
4 85 15 22 10
4 63 9 69 72
4 65 0 69 63
4 104 110 51 112
4 63 9 72 8
4 105 53 33 96
4 66 3 0 8
4 63 66 0 8
4 65 2 0 1
4 63 9 8 0
4 115 114 62 116
4 121 58 120 119
4 11 73 24 10
4 99 50 51 37
4 95 32 83 18
4 11 3 73 10
4 39 93 101 90
4 33 25 100 88
4 61 43 102 40
4 82 7 65 70
4 120 115 62 116
4 61 107 102 43
4 107 98 102 43
4 105 33 38 100
4 115 62 114 55
4 58 109 48 120
4 38 41 103 26
4 58 109 120 119
4 58 109 119 105
4 49 95 111 29
4 28 40 34 97
4 34 47 94 110
4 58 109 105 48
4 39 95 101 111
4 49 95 29 32
4 39 95 32 90
4 121 52 122 59
4 123 121 122 59
4 6 2 0 69
4 67 74 4 3
4 122 117 59 45
4 117 51 47 110
4 30 98 43 91
4 2 76 69 13
4 99 50 112 51
4 122 45 113 106
4 110 34 45 106
4 33 100 25 38
4 42 23 94 86
4 88 25 89 79
4 88 25 19 33
4 88 25 79 76
4 106 40 113 102
4 46 50 118 108
4 42 31 47 94
4 38 109 41 48
4 9 69 72 81
4 117 51 110 112
4 21 94 84 97
4 38 109 105 100
4 117 106 45 122
4 36 85 99 93
4 39 90 32 27
4 42 87 24 23
4 82 33 19 35
4 103 38 89 100
4 4 67 3 1
4 106 110 117 45
4 55 115 49 111
4 42 104 86 94
4 4 74 75 11
4 96 53 98 107
4 110 47 117 45
4 114 111 39 101
4 4 74 11 3
4 110 45 34 47
4 17 91 80 30
4 66 3 8 73
4 36 99 108 93
4 83 8 71 72
4 40 28 102 97
4 34 94 47 31
4 30 98 80 35
4 20 90 32 83
4 46 118 57 114
4 53 61 43 107
4 96 82 35 33
4 98 82 80 35
4 96 88 33 100
4 34 21 94 31
4 40 106 113 45
4 97 28 102 91
4 90 20 32 27
4 8 15 83 71
4 36 85 93 22
4 57 114 116 62
4 18 92 16 81
4 19 82 65 76
4 109 38 103 100
4 40 61 113 102
4 118 123 56 57
4 25 19 13 76
4 50 118 108 112
4 82 65 7 19
4 6 2 69 13
4 40 106 34 97
4 17 91 30 14
4 65 7 2 1
4 39 95 90 101
4 99 104 37 51
4 82 17 70 80
4 96 82 98 35
4 104 42 86 87
4 50 99 108 36
4 67 68 4 75
4 46 118 50 57
4 44 58 105 48
4 42 47 51 104
4 115 109 41 103
4 84 28 97 91
4 58 113 107 119
4 123 118 56 117
4 93 90 15 78
4 50 118 56 57
4 58 120 48 60
4 55 46 57 114
4 65 7 19 2
4 90 95 32 83
4 112 118 117 56
4 71 63 72 8
4 46 118 114 108
4 120 115 54 62
4 25 79 26 89
4 65 7 1 70
4 76 65 2 69
4 82 88 19 33
4 32 20 83 18
4 67 66 1 64
4 68 67 4 1
4 93 36 22 27
4 39 93 90 27
4 36 85 22 37
4 105 33 100 96
4 42 47 104 94
4 39 93 27 36
4 121 62 116 120
4 121 58 113 52
4 123 62 59 57
4 50 118 112 56
4 79 25 16 13
4 65 70 1 64
4 96 88 82 33
4 71 66 8 73
4 105 53 96 107
4 79 16 92 81
4 73 15 10 8
4 95 32 18 29
4 107 61 58 44
4 53 61 107 44
4 63 1 66 64
4 53 107 43 98
4 74 66 73 3
4 19 76 2 13
4 17 77 68 80
4 38 25 26 89
4 68 67 1 64
4 106 40 34 45
4 49 95 32 39
4 117 51 112 56
4 18 92 81 95
4 18 92 95 29
4 92 95 29 111
4 19 82 35 7
4 107 58 119 105
4 41 92 111 103
4 111 29 41 49
4 55 57 62 114
4 123 62 57 116
4 88 82 19 76
4 121 58 60 120
4 11 75 4 12
4 93 46 108 36
4 121 113 58 119
4 121 62 120 60
4 73 85 24 10
4 58 107 44 105
4 63 1 64 65
4 9 81 72 83
4 117 123 59 56
4 21 28 34 97
4 105 53 107 44
4 43 98 102 91
4 63 9 0 69
4 53 96 35 33
4 85 99 87 37
4 123 62 116 121
4 104 42 37 51
4 93 15 90 27
4 63 1 65 0
4 67 66 3 1
4 18 92 29 16
4 9 69 81 6
4 85 22 24 10
4 25 88 19 76
4 22 85 24 37
4 8 15 20 83
4 87 42 24 37
4 14 28 91 30
4 30 53 98 35
4 73 3 8 10
4 50 36 108 46
4 106 110 34 97
4 21 94 23 84
4 17 5 7 70
4 85 87 24 37
4 115 41 109 54
4 60 120 54 62
4 63 1 0 66
4 103 92 89 26
4 85 15 73 78
4 81 95 83 18
4 123 57 59 56
4 55 115 62 54
4 52 121 60 59
4 52 40 113 45
4 112 50 56 51
4 84 21 12 23
4 17 68 70 80
4 58 113 52 61
4 122 113 45 52
4 30 98 91 80
4 93 15 27 22
4 121 52 113 122
4 44 38 48 105
4 121 62 60 59
4 9 81 83 18
4 82 17 80 35
4 61 107 113 102
4 117 47 56 45
4 55 39 111 49
4 6 79 69 81
4 43 28 102 40
4 6 79 16 13
4 79 25 26 16
4 70 68 1 64
4 23 87 74 86
4 115 55 114 111
4 9 6 81 18
4 5 68 4 1
4 82 17 35 7
4 115 41 111 103
4 67 74 3 66
4 11 75 12 23
4 74 3 73 11
4 50 99 36 37
4 92 16 26 29
4 97 110 34 94
4 77 17 5 14
4 24 74 23 87
4 41 92 103 26
4 75 68 4 12
4 28 30 43 91
4 109 115 54 120
4 93 46 36 39
4 104 99 112 51
4 123 62 121 59
4 6 16 81 18
4 6 79 81 16
4 49 95 39 111
4 90 20 27 15
4 38 105 109 48
4 93 15 22 85
4 101 46 114 108
4 73 15 8 71
4 120 60 54 48
4 24 74 87 73
4 25 88 89 100
4 77 14 5 12
4 38 25 89 100
4 9 20 18 83
4 68 77 12 75
4 105 53 44 33
4 41 109 54 48
4 16 79 92 26
4 82 17 7 70
4 55 115 54 49
4 24 74 11 23
4 115 41 54 49
4 41 115 111 49
4 17 91 14 77
4 9 69 6 0
4 20 90 83 15
4 30 53 43 98
4 114 39 111 55
4 92 79 89 26
4 71 78 15 83
4 47 110 51 104
4 77 68 12 5
4 123 117 59 122
4 52 122 59 45
4 90 78 83 15
4 47 110 104 94
4 101 39 114 46
4 75 74 86 23
4 17 91 77 80
4 121 58 52 60
4 84 28 91 14
4 42 94 23 31
4 68 17 70 5
4 68 5 4 12
4 24 74 73 11
4 105 33 44 38
4 83 8 9 20
4 39 55 114 46
4 76 79 69 13
4 11 74 75 23
4 84 14 77 12
4 123 118 116 57
4 87 42 86 23
4 75 84 12 23
4 66 3 1 0
4 68 5 70 1
4 21 94 31 23
4 84 14 12 21
4 86 84 23 94
4 85 15 10 73
4 73 71 78 15
4 87 85 24 73

CELL_TYPES 604
5
5
5
5
5
5
5
5
5
5
5
5
5
5
5
5
5
5
5
5
5
5
5
5
5
5
5
5
5
5
5
5
5
5
5
5
5
5
5
5
5
5
5
5
5
5
5
5
5
5
5
5
5
5
5
5
5
5
5
5
5
5
5
5
5
5
5
5
5
5
5
5
5
5
5
5
5
5
5
5
5
5
5
5
5
5
5
5
5
5
5
5
5
5
5
5
5
5
5
5
5
5
5
5
5
5
5
5
5
5
5
5
5
5
5
5
5
5
5
5
5
5
5
5
5
5
5
5
5
5
5
5
5
5
5
5
5
5
5
5
5
5
5
5
5
5
5
5
5
5
5
5
5
5
5
5
5
5
5
5
5
5
5
5
5
5
5
5
5
5
5
5
5
5
5
5
5
5
5
5
5
5
5
5
5
5
5
5
5
5
5
5
5
5
5
5
5
5
5
5
5
5
5
5
5
5
5
5
5
5
5
5
5
5
5
5
5
5
5
5
5
5
5
5
5
5
5
5
5
5
5
5
5
5
5
5
5
5
5
5
10
10
10
10
10
10
10
10
10
10
10
10
10
10
10
10
10
10
10
10
10
10
10
10
10
10
10
10
10
10
10
10
10
10
10
10
10
10
10
10
10
10
10
10
10
10
10
10
10
10
10
10
10
10
10
10
10
10
10
10
10
10
10
10
10
10
10
10
10
10
10
10
10
10
10
10
10
10
10
10
10
10
10
10
10
10
10
10
10
10
10
10
10
10
10
10
10
10
10
10
10
10
10
10
10
10
10
10
10
10
10
10
10
10
10
10
10
10
10
10
10
10
10
10
10
10
10
10
10
10
10
10
10
10
10
10
10
10
10
10
10
10
10
10
10
10
10
10
10
10
10
10
10
10
10
10
10
10
10
10
10
10
10
10
10
10
10
10
10
10
10
10
10
10
10
10
10
10
10
10
10
10
10
10
10
10
10
10
10
10
10
10
10
10
10
10
10
10
10
10
10
10
10
10
10
10
10
10
10
10
10
10
10
10
10
10
10
10
10
10
10
10
10
10
10
10
10
10
10
10
10
10
10
10
10
10
10
10
10
10
10
10
10
10
10
10
10
10
10
10
10
10
10
10
10
10
10
10
10
10
10
10
10
10
10
10
10
10
10
10
10
10
10
10
10
10
10
10
10
10
10
10
10
10
10
10
10
10
10
10
10
10
10
10
10
10
10
10
10
10
10
10
10
10
10
10
10
10
10
10
10
10
10
10
10
10
10
10
10
10
10
10
10
10
10
10
10
10
10
10
10
10
10
10
10
10
10
10
10
10
10
10
10
10
10
10
10
10
10
10
10
10
10
10
10
10
10
10
10
10
10
10
10
10
