0
6.8926
5.0000
9.5951
7.2120
7.0412
11.8990
14.1117
7.0699
13.7470
6.9383
6.3125
13.2958
14.4785
18.6158
13.0542
21.3431
13.0693
13.9115
19.2526
12.6060
14.9108
12.5754
25.1487
18.7750
20.2807
19.4757
18.4018
18.9198
18.7738
26.8586
19.9542
23.3828
25.7166
19.3236
21.4215
29.2303
19.4931
23.8493
23.8472
23.3164
24.3442
31.8700
24.6498
24.0732
27.1951
28.6245
33.8293
27.2195
28.9930
29.8915
24.7250
27.6968
27.7465
35.7380
25.4479
30.1025
29.2413
32.3290
33.0139
31.0982
37.7233
34.8520
30.3896
33.0829
7.7540
7.5428
11.7190
13.3155
7.5811
11.9454
8.9802
9.1868
12.2098
12.6287
15.8753
11.6922
17.4143
13.6186
12.2071
16.7088
12.2829
13.7881
12.9425
20.4587
16.5332
17.4595
16.8475
16.0064
16.4624
17.1254
21.6692
17.1395
18.6431
21.7720
16.9318
19.3732
25.1272
20.1510
20.7589
20.7123
21.5217
26.2932
20.8849
21.7153
24.1218
29.7327
25.0255
23.4908
25.4833
26.1041
21.5433
25.7996
30.2036
26.5861
25.9011
30.7085
30.6879
28.5607
28.4145
29.5475
32.9071
33.6207
32.7969
END